16
213 213 213 213 213 214 214 215 214 214 214 213 213 214 213 213 
213 213 213 213 213 213 213 214 213 213 213 213 213 213 213 213 
213 212 212 213 213 154 154 155 154 154 213 213 213 213 213 213 
213 212 212 213 153 154 154 155 154 154 153 213 212 212 212 212 
212 212 212 153 152 153 153 154 153 153 152 153 212 212 212 212 
212 212 212 153 152 152 153 154 153 152 152 153 212 212 212 212 
212 212 212 152 152 152 152 154 153 152 152 152 212 212 212 212 
212 212 212 152 152 153 153 154 153 152 152 152 212 212 212 212 
212 212 212 152 152 152 152 153 152 151 151 151 212 212 212 212 
212 212 212 212 152 152 152 152 151 151 151 212 212 212 212 212 
212 212 212 212 212 152 151 151 151 151 212 212 212 212 212 212 
213 212 212 212 212 212 212 212 212 212 212 212 212 212 212 212 
212 212 212 212 212 212 212 212 212 212 212 212 212 212 212 212 
212 212 212 212 212 212 212 212 212 212 212 212 212 212 212 212 
212 212 212 212 212 212 212 212 212 212 212 212 212 212 212 212 
212 212 212 212 212 212 212 212 212 212 212 212 212 212 212 212 