64
134 134 134 134 134 134 134 134 134 134 134 135 134 135 134 135 135 135 135 135 135 136 136 136 136 136 136 137 137 137 138 139 138 137 137 137 137 137 137 137 137 137 136 136 136 136 136 136 136 136 136 136 135 135 135 135 134 134 133 133 133 133 133 133
134 133 133 133 133 133 133 134 134 134 134 134 134 134 134 134 134 134 134 134 134 134 134 135 135 136 136 136 136 137 137 137 137 137 137 136 136 136 136 136 136 136 136 136 136 136 136 136 136 136 136 136 136 135 135 135 134 134 133 133 133 133 133 133
134 133 133 133 133 133 133 133 134 134 134 134 134 134 134 134 134 134 134 134 134 134 134 134 134 135 135 136 136 136 137 137 136 136 136 136 136 136 136 136 136 136 136 136 136 136 136 136 136 136 136 136 136 135 135 134 134 134 134 134 133 133 133 133
134 133 133 133 133 133 133 133 134 134 134 134 134 134 134 134 134 134 134 134 134 134 134 134 134 135 135 136 136 136 136 137 136 136 136 136 136 136 136 136 136 136 136 136 136 136 136 136 136 136 136 136 136 136 135 135 134 134 134 134 134 134 133 133
134 133 133 133 133 133 133 133 133 133 133 134 133 134 133 133 133 134 134 134 134 134 134 134 134 134 134 135 135 136 136 136 136 136 136 135 135 135 135 135 135 136 136 136 136 136 136 136 136 136 136 136 136 136 135 135 134 134 134 134 134 134 133 133
134 133 133 133 133 133 133 133 133 133 133 133 133 133 133 133 133 133 133 133 133 134 134 134 134 134 134 135 135 136 136 136 136 135 135 135 135 135 134 134 135 135 135 136 136 136 136 136 136 136 136 136 136 136 136 135 135 135 134 134 134 134 134 133
133 133 133 133 133 133 133 133 133 133 133 133 133 133 133 133 133 133 133 133 133 133 133 134 134 134 134 134 134 135 135 135 135 134 134 134 134 134 134 134 134 135 135 136 136 136 136 136 136 136 136 136 136 136 136 136 135 135 135 135 134 134 134 134
133 133 133 133 133 133 133 133 133 133 133 133 133 133 133 133 133 133 133 133 133 133 133 134 134 134 134 134 134 134 134 135 134 134 134 134 134 134 134 134 134 135 135 135 136 136 136 136 136 136 136 136 136 136 136 136 136 136 135 135 135 134 134 134
133 133 133 133 132 132 132 133 132 132 133 133 133 133 133 133 133 133 133 133 133 133 133 133 133 133 134 134 134 134 134 134 134 134 134 134 134 134 134 134 134 134 134 135 135 136 136 136 136 136 136 136 136 136 136 136 136 136 135 136 135 135 134 134
133 133 132 132 132 132 132 132 132 132 132 133 132 132 133 133 133 133 133 133 133 133 133 133 133 133 133 134 133 134 134 134 134 134 134 134 134 134 134 134 134 134 134 135 135 136 136 136 136 136 136 136 136 136 136 136 136 136 136 136 135 135 135 135
133 132 132 132 132 132 132 132 132 132 132 132 132 132 132 133 132 133 132 133 132 133 133 133 133 133 133 133 133 133 133 133 134 134 134 134 134 134 134 134 134 134 134 135 135 136 136 136 136 136 136 136 136 136 136 136 136 136 136 136 136 136 135 135
133 132 132 132 131 132 131 132 132 132 132 132 132 132 132 132 132 132 132 133 132 133 133 133 133 133 133 133 133 133 133 133 133 134 134 134 134 134 134 134 134 134 134 135 135 136 136 136 136 136 136 137 136 137 136 137 136 136 136 136 136 136 136 136
133 131 131 131 131 132 131 131 131 131 131 131 131 131 131 132 132 132 132 132 132 132 132 133 132 133 133 133 133 133 133 133 133 133 133 133 133 134 134 134 134 134 134 135 135 135 136 136 136 136 136 136 136 137 136 137 136 136 136 136 136 136 136 136
132 131 131 131 131 132 131 131 131 131 131 131 131 131 131 131 131 132 131 132 132 132 132 132 132 132 132 133 133 133 132 133 133 133 133 133 133 134 134 134 134 134 134 135 135 135 136 136 136 136 136 137 137 137 137 137 137 137 136 136 136 136 136 136
132 131 131 131 131 131 131 131 131 131 131 131 131 131 131 131 131 131 131 131 131 132 131 131 131 132 132 132 132 132 132 132 133 133 133 133 133 133 134 134 134 134 134 135 134 135 136 136 136 136 136 137 137 137 137 137 137 137 137 137 136 136 136 137
132 131 131 131 131 131 131 132 80 80 80 80 80 80 80 80 80 131 131 131 131 131 131 131 131 131 131 132 132 132 132 132 132 133 133 133 133 133 134 134 134 134 134 135 135 135 136 136 136 136 136 137 137 137 137 137 137 137 137 137 137 137 137 137
131 131 131 131 131 131 80 80 80 80 79 79 79 80 80 80 80 80 80 131 131 131 131 131 131 131 131 131 131 131 131 131 132 132 133 133 133 133 133 133 134 134 134 134 134 135 135 136 136 136 136 136 137 137 137 137 137 137 137 137 137 137 137 137
131 131 131 131 131 80 80 80 80 79 79 79 79 80 80 80 80 80 80 80 131 131 131 131 131 131 131 131 131 131 131 131 131 132 132 133 133 133 133 133 133 134 134 134 135 135 135 136 136 136 136 136 136 137 137 137 137 137 137 137 137 137 137 137
131 131 131 131 79 79 79 79 79 79 79 79 79 80 79 79 79 80 80 80 79 131 131 131 131 131 131 131 131 131 131 131 131 131 132 132 133 133 133 133 133 133 134 134 134 135 135 136 136 136 136 136 136 137 137 137 137 137 137 137 137 137 137 137
131 131 131 79 79 79 79 79 79 79 79 80 80 80 80 80 79 80 80 80 79 79 131 131 131 131 131 131 130 131 131 131 131 131 131 132 132 133 133 133 133 133 134 134 134 135 135 136 136 136 136 136 136 136 137 137 137 137 137 137 137 137 137 137
131 131 130 78 78 78 78 79 78 78 79 79 79 79 79 79 79 79 79 79 79 79 131 131 131 131 130 130 130 130 130 130 131 131 131 131 131 132 132 133 133 133 134 134 134 135 135 136 135 136 136 136 136 136 136 137 137 137 137 137 137 137 137 137
131 130 78 78 78 78 78 78 78 78 78 79 79 79 79 80 79 79 78 79 78 78 79 131 131 131 130 130 130 130 130 130 130 131 131 131 131 132 132 133 133 133 133 134 134 135 135 135 135 136 136 136 136 136 136 137 137 137 136 137 136 137 137 137
131 130 78 78 78 78 78 78 78 78 78 78 78 79 79 80 79 79 78 78 78 78 79 131 130 130 130 130 130 130 130 130 130 131 131 131 131 132 132 133 133 133 133 134 134 134 135 135 135 135 135 136 136 136 136 136 136 136 136 136 136 136 136 137
131 130 78 78 78 78 78 78 78 78 78 78 78 79 79 80 79 79 78 78 78 79 79 131 130 130 130 130 130 130 130 130 130 130 131 131 131 132 132 133 133 133 133 134 134 134 135 135 135 135 135 136 136 136 136 136 136 136 136 136 136 136 136 137
131 130 78 78 77 78 78 78 78 78 78 78 78 78 79 80 79 78 78 78 78 78 78 130 130 130 130 130 129 130 129 130 130 130 130 131 131 131 131 132 132 133 133 134 134 134 134 134 134 134 135 135 135 136 136 136 136 136 136 136 136 136 136 137
130 130 78 78 77 77 77 78 78 78 78 78 78 78 79 79 78 78 78 77 77 77 77 130 130 130 129 129 129 129 129 129 129 130 130 130 131 131 131 131 132 133 133 134 134 134 134 134 134 134 135 135 135 136 136 136 136 136 136 136 136 136 136 137
130 130 78 78 77 77 77 77 78 78 78 78 78 78 78 79 78 78 77 77 77 77 76 129 129 129 128 128 128 128 128 128 129 129 130 130 130 131 131 131 131 132 133 133 133 134 134 134 134 134 134 135 135 135 135 136 136 136 136 136 136 136 136 137
130 130 78 78 78 77 77 77 78 78 78 78 78 78 78 79 78 78 77 77 76 76 76 129 128 128 128 128 128 128 128 128 128 129 129 130 130 130 130 131 131 132 133 133 133 134 134 134 134 134 135 136 136 136 136 136 136 136 136 136 136 136 137 137
130 130 77 77 77 77 77 77 77 77 77 78 78 78 78 78 78 77 76 76 75 75 75 128 128 128 128 128 128 128 128 128 128 128 128 129 130 130 130 131 131 131 132 133 133 133 133 134 134 134 134 135 135 136 135 135 135 136 136 136 136 136 137 137
130 130 77 77 77 77 77 77 77 77 77 78 78 78 78 78 78 77 76 76 75 75 75 128 128 128 128 128 128 128 128 128 128 128 128 129 129 130 130 130 131 131 132 133 133 133 133 134 134 134 134 135 135 136 135 136 136 136 136 136 136 136 137 137
129 129 129 76 76 76 76 77 77 77 77 77 77 78 78 78 77 76 76 75 75 75 128 128 128 128 128 128 128 127 127 127 128 128 128 128 129 129 130 130 131 131 131 132 133 133 133 134 134 134 134 135 135 135 135 136 136 136 136 136 136 136 137 137
129 129 129 76 76 77 77 77 77 77 77 77 77 77 77 78 77 76 75 75 75 75 128 128 128 128 128 127 127 127 127 127 127 128 128 128 128 129 130 130 131 131 131 132 133 133 133 134 134 134 134 135 135 135 136 136 136 136 136 136 136 137 137 137
129 129 129 129 76 76 76 76 76 76 76 77 77 77 77 78 77 76 75 75 75 128 128 128 128 128 128 128 128 127 127 127 128 128 128 128 128 129 130 130 130 131 131 132 132 133 133 134 134 134 134 134 134 135 135 136 136 136 136 136 136 136 136 137
130 129 129 129 129 76 76 76 76 76 76 77 77 77 77 78 77 76 75 75 128 128 128 128 128 128 128 128 128 128 128 127 128 128 128 128 128 129 130 130 130 131 131 132 132 133 133 134 133 133 134 134 134 134 135 136 136 136 136 136 136 136 136 136
130 129 129 129 129 128 75 76 76 76 76 76 76 77 77 78 76 76 75 128 128 128 128 128 128 128 128 128 128 128 128 128 128 128 128 128 128 129 130 130 130 131 131 132 132 133 133 133 133 133 133 134 134 134 134 135 136 136 136 136 136 136 136 136
130 129 129 129 128 128 128 129 76 76 76 76 76 77 77 78 77 129 128 128 128 128 128 128 128 128 128 128 128 128 128 128 128 128 128 128 129 129 130 130 130 131 131 132 132 133 133 133 133 133 133 134 134 134 134 135 136 136 136 136 136 136 136 136
130 129 128 129 128 128 128 129 128 129 129 129 129 129 130 130 129 129 128 128 128 128 128 128 128 128 128 128 128 128 128 128 128 128 128 128 129 129 130 130 130 131 131 131 132 133 133 133 133 133 133 133 134 134 134 135 135 136 136 136 136 136 136 136
130 129 129 129 128 128 128 129 128 129 129 129 129 129 130 130 129 129 129 129 128 128 128 128 128 128 128 128 128 128 128 128 128 128 128 129 129 130 130 130 130 131 131 132 132 132 133 133 133 133 133 134 134 134 134 134 135 135 136 136 136 135 135 136
130 129 129 129 128 128 128 128 128 129 129 129 129 129 130 130 130 130 129 129 129 128 128 129 128 128 128 128 128 128 128 128 128 128 128 129 129 130 130 130 130 131 131 132 132 132 133 133 133 133 133 133 133 134 134 134 134 135 135 136 135 135 135 136
130 130 129 129 129 129 128 129 129 129 129 129 129 129 130 130 130 130 130 130 129 129 129 129 129 129 129 129 128 128 128 128 128 128 129 130 130 130 130 131 131 131 131 132 132 133 133 133 133 133 133 133 134 134 134 134 134 134 135 135 135 135 135 136
130 129 129 129 128 128 128 129 129 129 129 130 129 130 130 130 130 130 129 130 129 129 128 129 128 128 128 128 128 128 128 128 128 128 128 129 130 130 130 130 130 131 131 131 132 132 133 133 133 133 133 133 133 134 134 134 134 134 134 134 134 134 134 135
129 129 129 129 129 128 129 129 129 129 130 130 130 130 130 130 130 130 130 130 129 129 128 129 128 128 128 128 128 128 128 128 128 128 128 129 130 130 130 130 130 131 131 131 131 132 133 133 133 133 133 133 133 133 134 134 134 134 134 134 134 134 134 134
129 129 128 129 129 129 129 129 129 130 130 130 130 130 130 130 130 130 130 130 129 129 128 129 128 128 128 128 128 128 128 128 128 128 128 129 129 130 130 130 130 130 131 131 131 132 133 133 133 133 133 133 133 133 133 134 133 134 134 134 133 134 133 134
129 129 128 129 129 129 129 130 130 130 130 130 130 130 130 131 130 130 130 130 130 129 129 129 128 128 128 128 128 128 128 128 128 128 129 129 129 130 130 130 130 130 131 131 131 132 133 133 133 133 133 133 133 133 133 134 133 133 133 133 133 133 133 133
129 128 128 129 128 129 129 130 130 130 130 130 130 130 130 131 130 130 130 130 130 129 129 129 128 128 128 128 128 128 128 128 128 128 128 129 129 130 130 130 130 130 131 131 131 132 133 133 133 133 133 133 133 133 133 133 133 133 133 133 133 133 133 133
129 128 128 129 129 129 129 130 130 130 130 130 130 130 131 131 131 130 130 130 130 129 129 129 128 128 128 128 128 128 128 128 128 128 128 129 129 130 130 130 130 130 131 131 132 132 133 133 133 133 133 133 133 133 133 133 133 133 133 133 133 133 133 133
128 128 128 129 129 129 130 130 130 130 130 130 130 130 131 131 131 130 130 130 130 129 129 129 128 128 128 128 128 128 128 128 128 128 128 128 129 130 130 130 130 130 131 131 132 132 133 133 133 133 133 133 133 133 133 133 133 133 133 133 133 133 132 133
129 129 129 129 129 130 130 130 130 130 130 131 131 131 131 131 131 131 130 130 130 130 129 129 128 128 128 128 128 128 128 128 128 128 128 128 129 130 130 130 130 131 131 131 132 133 133 133 133 133 133 133 133 133 133 133 133 133 133 133 132 132 132 133
129 129 129 129 129 130 130 130 130 130 130 131 130 131 131 131 131 130 130 130 129 129 128 128 128 128 128 128 128 128 128 128 128 128 128 128 128 129 130 130 130 130 131 131 131 132 132 133 133 133 133 133 133 133 133 133 133 133 132 132 132 132 132 133
129 129 129 129 129 130 130 130 130 130 130 131 130 130 130 131 130 130 130 130 129 129 128 128 128 128 128 128 128 128 128 128 128 128 128 128 128 129 129 130 130 130 130 131 131 131 132 133 132 132 132 132 132 132 132 132 132 132 132 132 132 132 132 133
129 129 129 129 130 130 130 130 130 130 130 131 130 130 130 131 130 130 130 130 129 128 128 128 128 128 128 128 128 128 128 128 128 128 128 128 128 128 129 130 130 130 130 130 131 131 131 132 132 132 131 132 131 131 131 131 131 132 132 132 132 132 132 132
130 130 130 130 130 130 130 131 130 131 131 131 131 131 130 130 130 130 130 130 129 128 128 128 128 128 128 128 128 128 127 127 128 128 128 128 128 128 129 130 130 130 130 130 130 131 131 131 131 131 131 131 131 131 131 131 131 131 132 132 132 132 132 132
130 130 130 130 130 130 130 131 131 130 130 131 130 130 130 130 130 130 129 129 128 128 128 128 128 128 128 128 128 128 128 127 128 128 128 128 128 128 128 129 130 130 130 130 130 130 130 131 131 131 131 131 131 131 131 131 131 131 131 131 131 132 132 132
130 130 130 130 130 130 131 131 131 131 130 131 130 130 130 130 130 130 129 129 128 128 128 128 128 128 128 128 128 128 128 127 128 128 128 128 128 128 128 129 129 130 130 130 130 130 130 130 130 130 130 131 130 130 130 130 130 131 131 131 131 131 131 132
130 130 130 130 131 131 131 131 131 131 130 130 130 130 130 130 130 130 129 129 128 128 128 128 128 128 128 128 128 127 127 127 127 128 128 128 128 128 128 129 129 129 129 129 129 130 130 130 130 130 130 130 130 130 130 130 130 130 131 131 131 131 131 131
131 131 131 131 131 131 131 131 131 131 131 131 130 130 130 130 130 130 129 129 128 128 128 128 128 128 128 128 127 127 127 127 127 127 128 128 128 128 128 129 129 129 129 129 129 129 130 130 130 130 130 130 130 130 130 130 130 130 131 131 131 131 131 132
131 131 131 131 131 131 131 131 131 131 130 130 130 130 130 130 130 130 129 128 128 128 128 128 128 128 128 128 128 127 127 127 127 127 128 128 128 128 128 128 128 128 128 128 128 129 129 130 130 130 129 130 129 130 130 130 130 130 130 131 130 131 131 131
131 131 131 131 131 131 131 131 131 131 130 130 130 130 130 130 130 129 128 128 128 128 128 128 128 128 128 128 128 127 127 127 127 127 127 128 128 128 128 128 128 128 128 128 128 128 129 130 129 129 129 129 129 130 130 130 130 130 130 130 130 130 131 131
131 131 131 131 131 131 131 131 131 130 130 130 130 130 130 130 130 129 128 128 128 128 128 128 128 128 128 128 128 127 127 127 127 127 127 127 128 128 128 128 128 128 128 128 128 128 129 129 129 129 129 129 129 129 129 130 130 130 130 130 130 130 130 131
132 132 131 131 131 131 131 131 131 131 130 131 130 130 130 130 130 129 128 128 128 128 128 128 128 128 128 128 128 127 127 127 127 127 127 127 127 128 128 128 128 128 128 128 128 128 128 129 129 129 129 129 129 129 129 130 130 130 130 130 130 130 130 130
132 132 131 131 131 131 131 131 131 130 130 130 130 130 130 130 129 129 128 128 128 128 128 128 128 128 128 128 128 127 127 127 127 127 127 127 127 128 128 128 128 128 128 128 128 128 128 129 128 129 129 129 129 129 129 129 129 129 129 130 130 130 130 130
133 132 132 132 131 131 131 131 131 131 130 130 130 130 130 130 130 129 128 128 128 128 128 128 128 128 128 128 128 127 127 127 127 127 127 127 127 127 127 127 127 127 128 128 128 128 128 128 128 128 128 129 129 129 129 129 129 129 129 129 130 130 130 130
133 132 132 132 131 131 131 131 131 131 130 130 130 130 130 130 130 129 128 128 128 128 128 128 128 128 128 128 128 127 127 127 127 127 127 127 127 127 127 127 127 127 128 128 128 128 128 128 128 128 128 128 128 129 128 129 128 129 129 129 129 130 130 130
133 133 132 132 132 131 131 131 131 131 130 130 130 130 130 130 130 129 129 128 128 128 128 128 128 128 128 128 128 127 127 127 127 127 127 127 127 127 127 127 127 127 127 127 128 128 128 128 128 128 128 128 128 128 128 128 128 129 129 129 129 130 130 130